{
  "metadata": {
    "analysis_type": "duckreg",
    "spec_name": "avhrr_logntlharm_regfav_twfe_HDI",
    "description": "TWFE MODIS NTLHARM analysis for replication of Hodler & Raschky (2014)",
    "timestamp": "2025-12-07T22:09:24.977591",
    "formula": "modis_median ~ 1 | pixel_id + country*year | log(ntl_harm + 0.01) (reg_fav) | subdivision",
    "data_source": "/scicore/home/meiera/schulz0022/projects/growth-and-temperature/data_nobackup/assembled/5km.parquet",
    "query": "(((HDI_ME == 0) AND (HDI_HI == 0) AND (HDI_VH == 0)) OR (HDI_ME == 1))"
  },
  "specification": {
    "settings": {
      "se_method": "analytical",
      "fitter": "duckdb",
      "n_bootstraps": 0,
      "seed": 42,
      "fe_method": "mundlak",
      "round_strata": 5,
      "n_jobs": 4,
      "duckdb_kwargs": {
        "temp_directory": "/scicore/home/meiera/schulz0022/projects/growth-and-temperature/scratch_nobackup/63746971",
        "memory_limit": "96GB",
        "max_temp_directory_size": "512GB",
        "enable_progress_bar": "true"
      }
    },
    "fe_method": "mundlak",
    "se_method": "analytical",
    "outcome_vars": [
      "modis_median"
    ],
    "covariates": null,
    "fe_cols": [
      "pixel_id",
      "country_year"
    ],
    "cluster_col": "subdivision",
    "endogenous_vars": [
      "log(ntl_harm+0.01)"
    ],
    "instrument_vars": [
      "reg_fav"
    ],
    "exogenous_vars": [
      "_intercept"
    ]
  },
  "model_statistics": {
    "n_observations": 115535642,
    "n_compressed_rows": 12999,
    "compression_ratio": 0.999887489265001,
    "has_standard_errors": true,
    "se_type": "cluster",
    "se_method": "analytical",
    "n_coefficients": 4,
    "estimator_type": "Duck2SLS",
    "weak_instruments": true,
    "first_stage_f_stats": {
      "log(ntl_harm+0.01)": 1.9548031544467033
    }
  },
  "coefficients": {
    "coefficients": [
      -892.7288019560231,
      11.00802533731487,
      -53.327934935707376,
      -254.4409840957592
    ],
    "coef_names": [
      "Intercept",
      "fitted_log_ntl_harm_0_01",
      "avg_fitted_log_ntl_harm_0_01_fe0",
      "avg_fitted_log_ntl_harm_0_01_fe1"
    ],
    "n_obs": 115535642,
    "n_compressed": 12999,
    "vcov": [
      [
        518235.98510958394,
        -5394.701045698401,
        2144.7199259577246,
        133934.50648808735
      ],
      [
        -5394.701045698401,
        67.52137489338236,
        66.71340798719592,
        -1494.9925711704752
      ],
      [
        2144.7199259577246,
        66.71340798719592,
        4379.929616021016,
        -3913.680691866562
      ],
      [
        133934.50648808735,
        -1494.9925711704752,
        -3913.680691866562,
        39191.56923979116
      ]
    ],
    "std_errors": [
      719.8860917600672,
      8.217139094197101,
      66.18103667986031,
      197.96860670265667
    ],
    "t_statistics": [
      -1.240097304524065,
      1.3396420835919252,
      -0.8057887517488179,
      -1.2852592556653313
    ],
    "p_values": [
      0.21493940585219318,
      0.18036173507797337,
      0.4203646648628796,
      0.19870170304917645
    ],
    "se_type": "cluster"
  },
  "vcov_matrix": [
    [
      518235.98510958394,
      -5394.701045698401,
      2144.7199259577246,
      133934.50648808735
    ],
    [
      -5394.701045698401,
      67.52137489338236,
      66.71340798719592,
      -1494.9925711704752
    ],
    [
      2144.7199259577246,
      66.71340798719592,
      4379.929616021016,
      -3913.680691866562
    ],
    [
      133934.50648808735,
      -1494.9925711704752,
      -3913.680691866562,
      39191.56923979116
    ]
  ],
  "first_stage": {
    "log(ntl_harm+0.01)": {
      "endogenous_variable": "log(ntl_harm+0.01)",
      "coefficients": [
        -3.9605284879407705,
        -0.08728439235579721,
        0.6183285038690588,
        1.1377197895599043
      ],
      "coef_names": [
        "Intercept",
        "reg_fav",
        "avg_reg_fav_fe0",
        "avg_reg_fav_fe1"
      ],
      "n_obs": 115535642,
      "n_compressed": 17339,
      "vcov": [
        [
          0.005153180322494626,
          0.0015426950249259992,
          -0.005232046954086755,
          -0.029039452447555673
        ],
        [
          0.0015426950249259992,
          0.0038973566886212362,
          -0.005666215567266321,
          -0.04281841416587938
        ],
        [
          -0.005232046954086755,
          -0.005666215567266321,
          0.1189809181321426,
          -0.018219459348844086
        ],
        [
          -0.029039452447555673,
          -0.04281841416587938,
          -0.018219459348844086,
          0.7361719796136286
        ]
      ],
      "std_errors": [
        0.07178565540896473,
        0.06242881296822194,
        0.3449361073186491,
        0.8580046501118911
      ],
      "t_statistics": [
        -55.171586375823104,
        -1.3981427518128124,
        1.7925885134949124,
        1.3260065541737285
      ],
      "p_values": [
        0.0,
        0.16207020395429272,
        0.0730387444357794,
        0.18483752642358398
      ],
      "se_type": "cluster",
      "instrument_names": [
        "reg_fav"
      ],
      "f_statistic": 1.9548031544467033,
      "f_pvalue": 0.1620702066381795,
      "is_weak_instrument": true,
      "instrument_statistics": {
        "reg_fav": {
          "coefficient": -0.08728439235579721,
          "std_error": 0.06242881296822194,
          "t_statistic": -1.3981427518128124,
          "p_value": 0.16207020395429272
        }
      }
    }
  }
}