{
  "metadata": {
    "analysis_type": "duckreg",
    "spec_name": "modisRollMax_logntlharm_twfe",
    "description": "TWFE rollmax3 MODIS HARM analysis with logged night lights",
    "timestamp": "2025-12-09T10:17:28.706699",
    "formula": "modis_rollmax3 ~ log(ntl_harm + 0.01) | pixel_id + country*year | 0 | subdivision",
    "data_source": "/scicore/home/meiera/schulz0022/projects/growth-and-temperature/data_nobackup/assembled/1km.parquet",
    "query": null
  },
  "specification": {
    "settings": {
      "se_method": "analytical",
      "fitter": "duckdb",
      "n_bootstraps": 0,
      "seed": 42,
      "fe_method": "mundlak",
      "round_strata": 5,
      "n_jobs": 4,
      "duckdb_kwargs": {
        "temp_directory": "/scicore/home/meiera/schulz0022/projects/growth-and-temperature/scratch_nobackup/63968728",
        "memory_limit": "96GB",
        "max_temp_directory_size": "512GB",
        "enable_progress_bar": "true"
      }
    },
    "fe_method": "mundlak",
    "se_method": "analytical",
    "outcome_vars": [
      "modis_rollmax3"
    ],
    "covariates": [
      "ntl_harm"
    ],
    "fe_cols": [
      "pixel_id",
      "country_year"
    ],
    "cluster_col": "subdivision"
  },
  "model_statistics": {
    "n_observations": 3474250028,
    "n_compressed_rows": 707014168,
    "compression_ratio": 0.796498765977703,
    "has_standard_errors": true,
    "se_type": "cluster",
    "se_method": "analytical",
    "n_coefficients": 4,
    "estimator_type": "DuckMundlak"
  },
  "coefficients": {
    "coefficients": [
      300.9229425193655,
      -0.009014766714495862,
      0.36675696454656964,
      0.07735989339406363
    ],
    "coef_names": [
      "Intercept",
      "log_ntl_harm_0_01",
      "avg_log_ntl_harm_0_01_fe0",
      "avg_log_ntl_harm_0_01_fe1"
    ],
    "n_obs": 3474250028,
    "n_compressed": 707014168,
    "vcov": [
      [
        1.2803381709231103,
        -0.03131319827506956,
        -0.038988540613558526,
        0.44002192004577523
      ],
      [
        -0.03131319827506956,
        0.0008149669823475285,
        0.0007538166720579404,
        -0.011352028710273097
      ],
      [
        -0.038988540613558526,
        0.0007538166720579404,
        0.011336709475819697,
        -0.010532738326172627
      ],
      [
        0.44002192004577523,
        -0.011352028710273097,
        -0.010532738326172627,
        0.15937336665315704
      ]
    ],
    "std_errors": [
      1.1315202918742158,
      0.028547626562422462,
      0.10647398497200947,
      0.3992159398786039
    ],
    "t_statistics": [
      265.94568800964754,
      -0.315779901869744,
      3.444568780279849,
      0.19377957056922054
    ],
    "p_values": [
      0.0,
      0.7521695741274972,
      0.0005719710926122001,
      0.8463484841200839
    ],
    "se_type": "cluster"
  },
  "vcov_matrix": [
    [
      1.2803381709231103,
      -0.03131319827506956,
      -0.038988540613558526,
      0.44002192004577523
    ],
    [
      -0.03131319827506956,
      0.0008149669823475285,
      0.0007538166720579404,
      -0.011352028710273097
    ],
    [
      -0.038988540613558526,
      0.0007538166720579404,
      0.011336709475819697,
      -0.010532738326172627
    ],
    [
      0.44002192004577523,
      -0.011352028710273097,
      -0.010532738326172627,
      0.15937336665315704
    ]
  ]
}