{
  "metadata": {
    "analysis_type": "duckreg",
    "spec_name": "modis_viirs_twfe",
    "description": "TWFE MODIS VIIRS analysis",
    "timestamp": "2025-12-06T14:54:13.694879",
    "formula": "modis_median ~ viirs_annual | pixel_id + country*year | 0 | subdivision",
    "data_source": "/scicore/home/meiera/schulz0022/projects/growth-and-temperature/data_nobackup/assembled/500m.parquet",
    "query": null
  },
  "specification": {
    "settings": {
      "se_method": "analytical",
      "fitter": "duckdb",
      "n_bootstraps": 0,
      "seed": 42,
      "fe_method": "mundlak",
      "round_strata": 5,
      "n_jobs": 4,
      "duckdb_kwargs": {
        "temp_directory": "/scicore/home/meiera/schulz0022/projects/growth-and-temperature/scratch_nobackup/63638181",
        "memory_limit": "96GB",
        "max_temp_directory_size": "512GB",
        "enable_progress_bar": "true"
      }
    },
    "fe_method": "mundlak",
    "se_method": "analytical",
    "outcome_vars": [
      "modis_median"
    ],
    "covariates": [
      "viirs_annual"
    ],
    "fe_cols": [
      "pixel_id",
      "country_year"
    ],
    "cluster_col": "subdivision"
  },
  "model_statistics": {
    "n_observations": 8558938909,
    "n_compressed_rows": 559014978,
    "compression_ratio": 0.934686415694336,
    "has_standard_errors": true,
    "se_type": "cluster",
    "se_method": "analytical",
    "n_coefficients": 4,
    "estimator_type": "DuckMundlak"
  },
  "coefficients": {
    "coefficients": [
      283.5210423733366,
      -0.004164999598490069,
      0.08304312108016285,
      3.2530225938543174
    ],
    "coef_names": [
      "Intercept",
      "viirs_annual",
      "avg_viirs_annual_fe0",
      "avg_viirs_annual_fe1"
    ],
    "n_obs": 8558938909,
    "n_compressed": 559014978,
    "vcov": [
      [
        2.6091284164082116,
        0.0021572994794750514,
        -0.021250813340076117,
        -1.928568389208885
      ],
      [
        0.0021572994794750514,
        2.974809503275858e-06,
        2.039555454578739e-06,
        -0.002574581256764589
      ],
      [
        -0.021250813340076117,
        2.039555454578739e-06,
        0.000683032110049903,
        -0.002538861718857514
      ],
      [
        -1.928568389208885,
        -0.002574581256764589,
        -0.002538861718857514,
        2.3379482698533107
      ]
    ],
    "std_errors": [
      1.615279671266933,
      0.0017247636079404788,
      0.026134883011980425,
      1.5290350780323225
    ],
    "t_statistics": [
      175.52442924695444,
      -2.4148234455523148,
      3.177482028218579,
      2.127500304336086
    ],
    "p_values": [
      0.0,
      0.01574283855108871,
      0.00148559896875744,
      0.03337853605418939
    ],
    "se_type": "cluster"
  },
  "vcov_matrix": [
    [
      2.6091284164082116,
      0.0021572994794750514,
      -0.021250813340076117,
      -1.928568389208885
    ],
    [
      0.0021572994794750514,
      2.974809503275858e-06,
      2.039555454578739e-06,
      -0.002574581256764589
    ],
    [
      -0.021250813340076117,
      2.039555454578739e-06,
      0.000683032110049903,
      -0.002538861718857514
    ],
    [
      -1.928568389208885,
      -0.002574581256764589,
      -0.002538861718857514,
      2.3379482698533107
    ]
  ]
}