{
  "metadata": {
    "analysis_type": "duckreg",
    "spec_name": "modis_logviirs_regfav_twyfe_replicate",
    "description": "Instrumental variables (IV) two-way fixed effects (TWFE) regression model replicating Hodler & Raschky (2014) by estimating the effect of logged annual VIIRS nighttime lights (log(VIIRS + 0.01)) on median MODIS land surface temperature at 500m resolution using regional favoritism as an instrument, with pixel and year fixed effects, subset to Hodler & Raschky (2014) research areas, clustered by subdivision.",
    "timestamp": "2025-12-10T11:45:44.097069",
    "formula": "modis_median ~ 1 | pixel_id + year | log(viirs_annual + 0.01) (reg_fav) | subdivision",
    "data_source": "/scicore/home/meiera/schulz0022/projects/growth-and-temperature/data_nobackup/assembled/500m.parquet",
    "query": "country IN (2,3,6,9,15,16,18,19,20,22,23,24,27,29,32,33,36,38,39,40,43,45,46,47,48,50,53,59,60,63,65,66,68,70,72,73,74,76,79,80,81,83,85,87,88,90,93,96,98,100,102,107,108,111,114,115,116,117,119,122,124,125,126,130,132,134,136,139,141,143,144,146,148,150,151,155,156,158,160,162,163,165,166,167,169,170,172,174,175,177,178,180,181,182,188,189,191,192,198,199,201,203,207,208,209,215,216,217,218,221,224,227,228,229,230,232,233,237,240,250,256,258,259,260,261,263)"
  },
  "specification": {
    "settings": {
      "se_method": "analytical",
      "fitter": "duckdb",
      "n_bootstraps": 0,
      "seed": 42,
      "fe_method": "mundlak",
      "round_strata": 5,
      "n_jobs": 4,
      "duckdb_kwargs": {
        "temp_directory": "/scicore/home/meiera/schulz0022/projects/growth-and-temperature/scratch_nobackup/64204201",
        "memory_limit": "96GB",
        "max_temp_directory_size": "512GB",
        "enable_progress_bar": "true"
      }
    },
    "fe_method": "mundlak",
    "se_method": "analytical",
    "outcome_vars": [
      "modis_median"
    ],
    "covariates": null,
    "fe_cols": [
      "pixel_id",
      "year"
    ],
    "cluster_col": "subdivision",
    "endogenous_vars": [
      "log(viirs_annual+0.01)"
    ],
    "instrument_vars": [
      "reg_fav"
    ],
    "exogenous_vars": []
  },
  "model_statistics": {
    "n_observations": 7111668356,
    "n_compressed_rows": 27172,
    "compression_ratio": 0.9999961792369048,
    "has_standard_errors": true,
    "se_type": "cluster",
    "se_method": "analytical",
    "n_coefficients": 4,
    "estimator_type": "Duck2SLS",
    "weak_instruments": true,
    "first_stage_f_stats": {
      "log(viirs_annual+0.01)": 0.05750489621285018
    }
  },
  "coefficients": {
    "coefficients": [
      31651.266214888325,
      -76.42358901358722,
      -1392.792446767615,
      8771.663857166137
    ],
    "coef_names": [
      "Intercept",
      "fitted_log_viirs_annual_0_01",
      "avg_fitted_log_viirs_annual_0_01_fe0",
      "avg_fitted_log_viirs_annual_0_01_fe1"
    ],
    "n_obs": 7111668356,
    "n_compressed": 27172,
    "vcov": [
      [
        65226329.29112392,
        58983.34978897368,
        6827798.711159047,
        8669247.439241972
      ],
      [
        58983.34978897368,
        1382.8785010238732,
        6420.840327381886,
        5743.430295885956
      ],
      [
        6827798.711159047,
        6420.840327381886,
        2373312.1188117075,
        -790050.5321142515
      ],
      [
        8669247.439241972,
        5743.430295885956,
        -790050.5321142515,
        2888973.8629165427
      ]
    ],
    "std_errors": [
      8076.281897700446,
      37.18707438107861,
      1540.5557824407747,
      1699.6981681806162
    ],
    "t_statistics": [
      3.9190393074194656,
      -2.0551116291222087,
      -0.9040843977495893,
      5.160718544843444
    ],
    "p_values": [
      8.890261652338971e-05,
      0.03986822394836298,
      0.36595065086160306,
      2.4600379378014736e-07
    ],
    "se_type": "cluster"
  },
  "vcov_matrix": [
    [
      65226329.29112392,
      58983.34978897368,
      6827798.711159047,
      8669247.439241972
    ],
    [
      58983.34978897368,
      1382.8785010238732,
      6420.840327381886,
      5743.430295885956
    ],
    [
      6827798.711159047,
      6420.840327381886,
      2373312.1188117075,
      -790050.5321142515
    ],
    [
      8669247.439241972,
      5743.430295885956,
      -790050.5321142515,
      2888973.8629165427
    ]
  ],
  "first_stage": {
    "log(viirs_annual+0.01)": {
      "endogenous_variable": "log(viirs_annual+0.01)",
      "coefficients": [
        -4.295275495846952,
        -0.003298172833977502,
        0.22509678762606922,
        -0.28216266579705
      ],
      "coef_names": [
        "Intercept",
        "reg_fav",
        "avg_reg_fav_fe0",
        "avg_reg_fav_fe1"
      ],
      "n_obs": 7111668356,
      "n_compressed": 27172,
      "vcov": [
        [
          0.0008921011171667994,
          1.935977529632087e-06,
          -0.0009976519755706857,
          -0.0005109278470639203
        ],
        [
          1.935977529632087e-06,
          0.00018916552779302945,
          -0.00011203794057182016,
          -4.691747755799064e-05
        ],
        [
          -0.0009976519755706857,
          -0.00011203794057182016,
          0.022779050518752755,
          -0.0028817668804822375
        ],
        [
          -0.0005109278470639203,
          -4.691747755799064e-05,
          -0.0028817668804822375,
          0.016643704492776794
        ]
      ],
      "std_errors": [
        0.029868061824745166,
        0.013753745954940038,
        0.15092730209856914,
        0.1290104821042724
      ],
      "t_statistics": [
        -143.8083100621009,
        -0.2398017852578462,
        1.4914252391463323,
        -2.1871297680214288
      ],
      "p_values": [
        0.0,
        0.8104839229132874,
        0.13584988578159307,
        0.028733052085328614
      ],
      "se_type": "cluster",
      "instrument_names": [
        "reg_fav"
      ],
      "f_statistic": 0.05750489621285018,
      "f_pvalue": 0.8104839229201992,
      "is_weak_instrument": true,
      "instrument_statistics": {
        "reg_fav": {
          "coefficient": -0.003298172833977502,
          "std_error": 0.013753745954940038,
          "t_statistic": -0.2398017852578462,
          "p_value": 0.8104839229132874
        }
      }
    }
  }
}