{
  "metadata": {
    "analysis_type": "duckreg",
    "spec_name": "modis_logviirs_regfav_twfe_replicate",
    "description": "Instrumental variables (IV) two-way fixed effects (TWFE) regression model replicating Hodler & Raschky (2014) by estimating the effect of logged annual VIIRS nighttime lights (log(VIIRS + 0.01)) on median MODIS land surface temperature at 500m resolution using regional favoritism as an instrument, with pixel and country-year fixed effects, subset to Hodler & Raschky (2014) research areas, clustered by subdivision.",
    "timestamp": "2025-12-10T12:32:39.524683",
    "formula": "modis_median ~ 1 | pixel_id + country*year | log(viirs_annual + 0.01) (reg_fav) | subdivision",
    "data_source": "/scicore/home/meiera/schulz0022/projects/growth-and-temperature/data_nobackup/assembled/500m.parquet",
    "query": "country IN (2,3,6,9,15,16,18,19,20,22,23,24,27,29,32,33,36,38,39,40,43,45,46,47,48,50,53,59,60,63,65,66,68,70,72,73,74,76,79,80,81,83,85,87,88,90,93,96,98,100,102,107,108,111,114,115,116,117,119,122,124,125,126,130,132,134,136,139,141,143,144,146,148,150,151,155,156,158,160,162,163,165,166,167,169,170,172,174,175,177,178,180,181,182,188,189,191,192,198,199,201,203,207,208,209,215,216,217,218,221,224,227,228,229,230,232,233,237,240,250,256,258,259,260,261,263)"
  },
  "specification": {
    "settings": {
      "se_method": "analytical",
      "fitter": "duckdb",
      "n_bootstraps": 0,
      "seed": 42,
      "fe_method": "mundlak",
      "round_strata": 5,
      "n_jobs": 4,
      "duckdb_kwargs": {
        "temp_directory": "/scicore/home/meiera/schulz0022/projects/growth-and-temperature/scratch_nobackup/64204202",
        "memory_limit": "96GB",
        "max_temp_directory_size": "512GB",
        "enable_progress_bar": "true"
      }
    },
    "fe_method": "mundlak",
    "se_method": "analytical",
    "outcome_vars": [
      "modis_median"
    ],
    "covariates": null,
    "fe_cols": [
      "pixel_id",
      "country_year"
    ],
    "cluster_col": "subdivision",
    "endogenous_vars": [
      "log(viirs_annual+0.01)"
    ],
    "instrument_vars": [
      "reg_fav"
    ],
    "exogenous_vars": []
  },
  "model_statistics": {
    "n_observations": 7111668356,
    "n_compressed_rows": 25253,
    "compression_ratio": 0.9999964490751345,
    "has_standard_errors": true,
    "se_type": "cluster",
    "se_method": "analytical",
    "n_coefficients": 4,
    "estimator_type": "Duck2SLS",
    "weak_instruments": true,
    "first_stage_f_stats": {
      "log(viirs_annual+0.01)": 0.20620753523430052
    }
  },
  "coefficients": {
    "coefficients": [
      10451.705850105247,
      -130.26668493820824,
      262.10113801591024,
      2235.7403936164105
    ],
    "coef_names": [
      "Intercept",
      "fitted_log_viirs_annual_0_01",
      "avg_fitted_log_viirs_annual_0_01_fe0",
      "avg_fitted_log_viirs_annual_0_01_fe1"
    ],
    "n_obs": 7111668356,
    "n_compressed": 25253,
    "vcov": [
      [
        33275199.484629177,
        -487628.5653239344,
        220928.92787174933,
        8015328.131719902
      ],
      [
        -487628.5653239344,
        9424.838716608647,
        2351.1075778417926,
        -125325.23695056187
      ],
      [
        220928.92787174933,
        2351.1075778417926,
        95026.16093766209,
        -45900.38592382659
      ],
      [
        8015328.131719902,
        -125325.23695056187,
        -45900.38592382659,
        2037682.3293122794
      ]
    ],
    "std_errors": [
      5768.465955921833,
      97.08160853945843,
      308.26313587203725,
      1427.4741081057405
    ],
    "t_statistics": [
      1.8118692092436917,
      -1.3418266023606507,
      0.8502513194594592,
      1.5662213282335748
    ],
    "p_values": [
      0.07000640804754044,
      0.17965222453454688,
      0.3951853751473964,
      0.11729681124898961
    ],
    "se_type": "cluster"
  },
  "vcov_matrix": [
    [
      33275199.484629177,
      -487628.5653239344,
      220928.92787174933,
      8015328.131719902
    ],
    [
      -487628.5653239344,
      9424.838716608647,
      2351.1075778417926,
      -125325.23695056187
    ],
    [
      220928.92787174933,
      2351.1075778417926,
      95026.16093766209,
      -45900.38592382659
    ],
    [
      8015328.131719902,
      -125325.23695056187,
      -45900.38592382659,
      2037682.3293122794
    ]
  ],
  "first_stage": {
    "log(viirs_annual+0.01)": {
      "endogenous_variable": "log(viirs_annual+0.01)",
      "coefficients": [
        -4.295154954689529,
        0.015514068161185439,
        0.23135122224296228,
        -0.3100119874567798
      ],
      "coef_names": [
        "Intercept",
        "reg_fav",
        "avg_reg_fav_fe0",
        "avg_reg_fav_fe1"
      ],
      "n_obs": 7111668356,
      "n_compressed": 25253,
      "vcov": [
        [
          0.0017020105248632396,
          0.0009288161964038305,
          -0.001689799119192934,
          -0.01591696856294135
        ],
        [
          0.0009288161964038305,
          0.0011672042471019847,
          -0.0008694117558946293,
          -0.01655035575836772
        ],
        [
          -0.001689799119192934,
          -0.0008694117558946293,
          0.022673082299167775,
          0.015846739662073783
        ],
        [
          -0.01591696856294135,
          -0.01655035575836772,
          0.015846739662073783,
          0.288185966474296
        ]
      ],
      "std_errors": [
        0.04125543024697766,
        0.03416437101867945,
        0.15057583570801716,
        0.5368295506716224
      ],
      "t_statistics": [
        -104.11126314709053,
        0.454100798539598,
        1.5364432224807794,
        -0.5774868150773868
      ],
      "p_values": [
        0.0,
        0.6497562785607331,
        0.12442971291829918,
        0.5636106429173262
      ],
      "se_type": "cluster",
      "instrument_names": [
        "reg_fav"
      ],
      "f_statistic": 0.20620753523430052,
      "f_pvalue": 0.6497562785745917,
      "is_weak_instrument": true,
      "instrument_statistics": {
        "reg_fav": {
          "coefficient": 0.015514068161185439,
          "std_error": 0.03416437101867945,
          "t_statistic": 0.454100798539598,
          "p_value": 0.6497562785607331
        }
      }
    }
  }
}