{
  "metadata": {
    "analysis_type": "duckreg",
    "spec_name": "avhrr_logviirs_twfe",
    "description": "Two-way fixed effects (TWFE) regression model estimating the effect of logged annual VIIRS nighttime lights (log(VIIRS + 0.01)) on median AVHRR land surface temperature at 5km resolution, with pixel and country-year fixed effects, clustered by subdivision.",
    "timestamp": "2025-12-10T09:35:32.016563",
    "formula": "avhrr_median ~ log(viirs_annual + 0.01) | pixel_id + country*year | 0 | subdivision",
    "data_source": "/scicore/home/meiera/schulz0022/projects/growth-and-temperature/data_nobackup/assembled/5km.parquet",
    "query": null
  },
  "specification": {
    "settings": {
      "se_method": "analytical",
      "fitter": "duckdb",
      "n_bootstraps": 0,
      "seed": 42,
      "fe_method": "mundlak",
      "round_strata": 5,
      "n_jobs": 4,
      "duckdb_kwargs": {
        "temp_directory": "/scicore/home/meiera/schulz0022/projects/growth-and-temperature/scratch_nobackup/64204700",
        "memory_limit": "96GB",
        "max_temp_directory_size": "512GB",
        "enable_progress_bar": "true"
      }
    },
    "fe_method": "mundlak",
    "se_method": "analytical",
    "outcome_vars": [
      "avhrr_median"
    ],
    "covariates": [
      "viirs_annual"
    ],
    "fe_cols": [
      "pixel_id",
      "country_year"
    ],
    "cluster_col": "subdivision"
  },
  "model_statistics": {
    "n_observations": 64106449,
    "n_compressed_rows": 8700334,
    "compression_ratio": 0.8642830146464672,
    "has_standard_errors": true,
    "se_type": "cluster",
    "se_method": "analytical",
    "n_coefficients": 4,
    "estimator_type": "DuckMundlak"
  },
  "coefficients": {
    "coefficients": [
      296.96515297602247,
      -0.4673991810141926,
      0.754070464369594,
      -0.038371309113825136
    ],
    "coef_names": [
      "Intercept",
      "log_viirs_annual_0_01",
      "avg_log_viirs_annual_0_01_fe0",
      "avg_log_viirs_annual_0_01_fe1"
    ],
    "n_obs": 64106449,
    "n_compressed": 8700334,
    "vcov": [
      [
        12.418664358542918,
        -0.12298627686990674,
        -0.08892620161172052,
        3.477784797522409
      ],
      [
        -0.12298627686990674,
        0.0021445737071714367,
        -0.00036048711776677685,
        -0.0324041060808199
      ],
      [
        -0.08892620161172052,
        -0.00036048711776677685,
        0.03371041168433709,
        -0.03176013630264021
      ],
      [
        3.477784797522409,
        -0.0324041060808199,
        -0.03176013630264021,
        0.9864152838630439
      ]
    ],
    "std_errors": [
      3.524012536660861,
      0.0463095422906709,
      0.18360395334615506,
      0.9931844158377858
    ],
    "t_statistics": [
      84.2690398761772,
      -10.092934585284178,
      4.107049170928897,
      -0.03863462666342544
    ],
    "p_values": [
      0.0,
      0.0,
      4.007459421306869e-05,
      0.9691816948071539
    ],
    "se_type": "cluster"
  },
  "vcov_matrix": [
    [
      12.418664358542918,
      -0.12298627686990674,
      -0.08892620161172052,
      3.477784797522409
    ],
    [
      -0.12298627686990674,
      0.0021445737071714367,
      -0.00036048711776677685,
      -0.0324041060808199
    ],
    [
      -0.08892620161172052,
      -0.00036048711776677685,
      0.03371041168433709,
      -0.03176013630264021
    ],
    [
      3.477784797522409,
      -0.0324041060808199,
      -0.03176013630264021,
      0.9864152838630439
    ]
  ]
}