{
  "metadata": {
    "analysis_type": "duckreg",
    "spec_name": "avhrr_logntlharm_regfav_twfe_replicate",
    "description": "TWFE MODIS NTLHARM analysis for replication of Hodler & Raschky (2014)",
    "timestamp": "2025-12-08T13:09:54.536044",
    "formula": "avhrr_median ~ 1 | pixel_id + country*year | log(ntl_harm + 0.01) (reg_fav) | subdivision",
    "data_source": "/scicore/home/meiera/schulz0022/projects/growth-and-temperature/data_nobackup/assembled/5km.parquet",
    "query": "(country IN (2,3,6,9,15,16,18,19,20,22,23,24,27,29,32,33,36,38,39,40,43,45,46,47,48,50,53,59,60,63,65,66,68,70,72,73,74,76,79,80,81,83,85,87,88,90,93,96,98,100,102,107,108,111,114,115,116,117,119,122,124,125,126,130,132,134,136,139,141,143,144,146,148,150,151,155,156,158,160,162,163,165,166,167,169,170,172,174,175,177,178,180,181,182,188,189,191,192,198,199,201,203,207,208,209,215,216,217,218,221,224,227,228,229,230,232,233,237,240,250,256,258,259,260,261,263)) AND (year < 2010)"
  },
  "specification": {
    "settings": {
      "se_method": "analytical",
      "fitter": "duckdb",
      "n_bootstraps": 0,
      "seed": 42,
      "fe_method": "mundlak",
      "round_strata": 5,
      "n_jobs": 4,
      "duckdb_kwargs": {
        "temp_directory": "/scicore/home/meiera/schulz0022/projects/growth-and-temperature/scratch_nobackup/63766462",
        "memory_limit": "96GB",
        "max_temp_directory_size": "512GB",
        "enable_progress_bar": "true"
      }
    },
    "fe_method": "mundlak",
    "se_method": "analytical",
    "outcome_vars": [
      "avhrr_median"
    ],
    "covariates": null,
    "fe_cols": [
      "pixel_id",
      "country_year"
    ],
    "cluster_col": "subdivision",
    "endogenous_vars": [
      "log(ntl_harm+0.01)"
    ],
    "instrument_vars": [
      "reg_fav"
    ],
    "exogenous_vars": []
  },
  "model_statistics": {
    "n_observations": 98298492,
    "n_compressed_rows": 70290,
    "compression_ratio": 0.9992849330791361,
    "has_standard_errors": true,
    "se_type": "cluster",
    "se_method": "analytical",
    "n_coefficients": 4,
    "estimator_type": "Duck2SLS",
    "weak_instruments": true,
    "first_stage_f_stats": {
      "log(ntl_harm+0.01)": 0.39788885088737447
    }
  },
  "coefficients": {
    "coefficients": [
      2031.5801711912104,
      -5.518864727807975,
      5.70359851203635,
      453.0979041252952
    ],
    "coef_names": [
      "Intercept",
      "fitted_log_ntl_harm_0_01",
      "avg_fitted_log_ntl_harm_0_01_fe0",
      "avg_fitted_log_ntl_harm_0_01_fe1"
    ],
    "n_obs": 98298492,
    "n_compressed": 70290,
    "vcov": [
      [
        2768286.990895593,
        -34390.48828664292,
        20210.848159658846,
        738450.6029191548
      ],
      [
        -34390.48828664292,
        1204.1891684114291,
        -2679.191962546254,
        -7521.708003419641
      ],
      [
        20210.848159658846,
        -2679.191962546254,
        27380.978879309554,
        -19405.547104207406
      ],
      [
        738450.6029191548,
        -7521.708003419641,
        -19405.547104207406,
        220119.85055775475
      ]
    ],
    "std_errors": [
      1663.8169944124243,
      34.70142891022543,
      165.47198820135557,
      469.16931971065065
    ],
    "t_statistics": [
      1.2210358338770673,
      -0.15903854397712533,
      0.03446866490233919,
      0.9657449562233372
    ],
    "p_values": [
      0.22207245252493069,
      0.8736385065748822,
      0.9725034292789438,
      0.3341718178733002
    ],
    "se_type": "cluster"
  },
  "vcov_matrix": [
    [
      2768286.990895593,
      -34390.48828664292,
      20210.848159658846,
      738450.6029191548
    ],
    [
      -34390.48828664292,
      1204.1891684114291,
      -2679.191962546254,
      -7521.708003419641
    ],
    [
      20210.848159658846,
      -2679.191962546254,
      27380.978879309554,
      -19405.547104207406
    ],
    [
      738450.6029191548,
      -7521.708003419641,
      -19405.547104207406,
      220119.85055775475
    ]
  ],
  "first_stage": {
    "log(ntl_harm+0.01)": {
      "endogenous_variable": "log(ntl_harm+0.01)",
      "coefficients": [
        -3.8233927995241457,
        0.028889793848356052,
        0.21097507900453993,
        -0.9816162115682373
      ],
      "coef_names": [
        "Intercept",
        "reg_fav",
        "avg_reg_fav_fe0",
        "avg_reg_fav_fe1"
      ],
      "n_obs": 98298492,
      "n_compressed": 70290,
      "vcov": [
        [
          0.010181369033443145,
          0.0028623681259076065,
          -0.008140833690101365,
          -0.08711743118767085
        ],
        [
          0.0028623681259076065,
          0.00209762145066175,
          -0.0011201854985205114,
          -0.05088653264767788
        ],
        [
          -0.008140833690101365,
          -0.0011201854985205114,
          0.07854510719447534,
          0.009316314829716364
        ],
        [
          -0.08711743118767085,
          -0.05088653264767788,
          0.009316314829716364,
          1.5247768693590888
        ]
      ],
      "std_errors": [
        0.10090277019707211,
        0.045799797495859634,
        0.28025900020244726,
        1.234818557262195
      ],
      "t_statistics": [
        -37.89185165141372,
        0.6307843140784133,
        0.7527860973318982,
        -0.7949477320333193
      ],
      "p_values": [
        0.0,
        0.5281815610425848,
        0.4515784624561794,
        0.42664390695538157
      ],
      "se_type": "cluster",
      "instrument_names": [
        "reg_fav"
      ],
      "f_statistic": 0.39788885088737447,
      "f_pvalue": 0.5281815625090986,
      "is_weak_instrument": true,
      "instrument_statistics": {
        "reg_fav": {
          "coefficient": 0.028889793848356052,
          "std_error": 0.045799797495859634,
          "t_statistic": 0.6307843140784133,
          "p_value": 0.5281815610425848
        }
      }
    }
  }
}