{
  "metadata": {
    "analysis_type": "duckreg",
    "spec_name": "avhrr_logntlharm_twfe",
    "description": "Two-way fixed effects (TWFE) regression model estimating the effect of logged harmonized nighttime lights (log(NTL + 0.01)) on median AVHRR land surface temperature at 5km resolution, with pixel and country-year fixed effects, clustered by subdivision.",
    "timestamp": "2025-12-10T09:35:40.403817",
    "formula": "avhrr_median ~ log(ntl_harm + 0.01) | pixel_id + country*year | 0 | subdivision",
    "data_source": "/scicore/home/meiera/schulz0022/projects/growth-and-temperature/data_nobackup/assembled/5km.parquet",
    "query": null
  },
  "specification": {
    "settings": {
      "se_method": "analytical",
      "fitter": "duckdb",
      "n_bootstraps": 0,
      "seed": 42,
      "fe_method": "mundlak",
      "round_strata": 5,
      "n_jobs": 4,
      "duckdb_kwargs": {
        "temp_directory": "/scicore/home/meiera/schulz0022/projects/growth-and-temperature/scratch_nobackup/64204698",
        "memory_limit": "96GB",
        "max_temp_directory_size": "512GB",
        "enable_progress_bar": "true"
      }
    },
    "fe_method": "mundlak",
    "se_method": "analytical",
    "outcome_vars": [
      "avhrr_median"
    ],
    "covariates": [
      "ntl_harm"
    ],
    "fe_cols": [
      "pixel_id",
      "country_year"
    ],
    "cluster_col": "subdivision"
  },
  "model_statistics": {
    "n_observations": 193441825,
    "n_compressed_rows": 46201880,
    "compression_ratio": 0.761158787661355,
    "has_standard_errors": true,
    "se_type": "cluster",
    "se_method": "analytical",
    "n_coefficients": 4,
    "estimator_type": "DuckMundlak"
  },
  "coefficients": {
    "coefficients": [
      295.4682806298976,
      -0.03423642350827593,
      0.2701017016025773,
      -0.9742511587530573
    ],
    "coef_names": [
      "Intercept",
      "log_ntl_harm_0_01",
      "avg_log_ntl_harm_0_01_fe0",
      "avg_log_ntl_harm_0_01_fe1"
    ],
    "n_obs": 193441825,
    "n_compressed": 46201880,
    "vcov": [
      [
        1.9177546240518875,
        -0.04937009891213183,
        -0.04294250457409733,
        0.6283921068365805
      ],
      [
        -0.04937009891213183,
        0.0014794777894701003,
        0.00027784052190128,
        -0.01760923736100313
      ],
      [
        -0.04294250457409733,
        0.00027784052190128,
        0.02686379620979869,
        -0.010104100639607826
      ],
      [
        0.6283921068365805,
        -0.01760923736100313,
        -0.010104100639607826,
        0.2278253131596095
      ]
    ],
    "std_errors": [
      1.3848301787771262,
      0.03846398041635967,
      0.1639017883056762,
      0.477310499737445
    ],
    "t_statistics": [
      213.3606597819891,
      -0.8900904986347784,
      1.647948472037649,
      -2.0411266026809916
    ],
    "p_values": [
      0.0,
      0.3734172943546552,
      0.0993632454540776,
      0.04123824477660509
    ],
    "se_type": "cluster"
  },
  "vcov_matrix": [
    [
      1.9177546240518875,
      -0.04937009891213183,
      -0.04294250457409733,
      0.6283921068365805
    ],
    [
      -0.04937009891213183,
      0.0014794777894701003,
      0.00027784052190128,
      -0.01760923736100313
    ],
    [
      -0.04294250457409733,
      0.00027784052190128,
      0.02686379620979869,
      -0.010104100639607826
    ],
    [
      0.6283921068365805,
      -0.01760923736100313,
      -0.010104100639607826,
      0.2278253131596095
    ]
  ]
}