{
  "metadata": {
    "analysis_type": "duckreg",
    "spec_name": "avhrr_viirs_twfe",
    "description": "Two-way fixed effects (TWFE) regression model estimating the effect of annual VIIRS nighttime lights on median AVHRR land surface temperature at 5km resolution, with pixel and country-year fixed effects, clustered by subdivision.",
    "timestamp": "2025-12-10T09:35:32.010019",
    "formula": "avhrr_median ~ viirs_annual | pixel_id + country*year | 0 | subdivision",
    "data_source": "/scicore/home/meiera/schulz0022/projects/growth-and-temperature/data_nobackup/assembled/5km.parquet",
    "query": null
  },
  "specification": {
    "settings": {
      "se_method": "analytical",
      "fitter": "duckdb",
      "n_bootstraps": 0,
      "seed": 42,
      "fe_method": "mundlak",
      "round_strata": 5,
      "n_jobs": 4,
      "duckdb_kwargs": {
        "temp_directory": "/scicore/home/meiera/schulz0022/projects/growth-and-temperature/scratch_nobackup/64204699",
        "memory_limit": "96GB",
        "max_temp_directory_size": "512GB",
        "enable_progress_bar": "true"
      }
    },
    "fe_method": "mundlak",
    "se_method": "analytical",
    "outcome_vars": [
      "avhrr_median"
    ],
    "covariates": [
      "viirs_annual"
    ],
    "fe_cols": [
      "pixel_id",
      "country_year"
    ],
    "cluster_col": "subdivision"
  },
  "model_statistics": {
    "n_observations": 64106449,
    "n_compressed_rows": 8685211,
    "compression_ratio": 0.8645189191496163,
    "has_standard_errors": true,
    "se_type": "cluster",
    "se_method": "analytical",
    "n_coefficients": 4,
    "estimator_type": "DuckMundlak"
  },
  "coefficients": {
    "coefficients": [
      295.82417269127546,
      -0.0025499898601673153,
      0.03349056128107981,
      0.3271253553541044
    ],
    "coef_names": [
      "Intercept",
      "viirs_annual",
      "avg_viirs_annual_fe0",
      "avg_viirs_annual_fe1"
    ],
    "n_obs": 64106449,
    "n_compressed": 8685211,
    "vcov": [
      [
        1.0704579204116949,
        0.0020986795458801206,
        -0.011499974804223743,
        -0.7204600907803664
      ],
      [
        0.0020986795458801206,
        1.0821319618704913e-05,
        4.3010597722024624e-06,
        -0.00301167559583274
      ],
      [
        -0.011499974804223743,
        4.3010597722024624e-06,
        0.0004638373190823205,
        -0.002716329262516374
      ],
      [
        -0.7204600907803664,
        -0.00301167559583274,
        -0.002716329262516374,
        1.0089745409598843
      ]
    ],
    "std_errors": [
      1.0346293637876778,
      0.0032895774225126413,
      0.021536882761493608,
      1.0044772476068755
    ],
    "t_statistics": [
      285.9228464271417,
      -0.7751724713077538,
      1.5550329010918198,
      0.3256672623829626
    ],
    "p_values": [
      0.0,
      0.43823775263071574,
      0.11993823373531365,
      0.7446761158476827
    ],
    "se_type": "cluster"
  },
  "vcov_matrix": [
    [
      1.0704579204116949,
      0.0020986795458801206,
      -0.011499974804223743,
      -0.7204600907803664
    ],
    [
      0.0020986795458801206,
      1.0821319618704913e-05,
      4.3010597722024624e-06,
      -0.00301167559583274
    ],
    [
      -0.011499974804223743,
      4.3010597722024624e-06,
      0.0004638373190823205,
      -0.002716329262516374
    ],
    [
      -0.7204600907803664,
      -0.00301167559583274,
      -0.002716329262516374,
      1.0089745409598843
    ]
  ]
}