{
  "metadata": {
    "analysis_type": "duckreg",
    "spec_name": "avhrr_logntlharm_regfav_twfe_af",
    "description": "TWFE MODIS NTLHARM analysis for Africa",
    "timestamp": "2025-12-07T22:09:03.982874",
    "formula": "modis_median ~ 1 | pixel_id + country*year | log(ntl_harm + 0.01) (reg_fav) | subdivision",
    "data_source": "/scicore/home/meiera/schulz0022/projects/growth-and-temperature/data_nobackup/assembled/5km.parquet",
    "query": "country IN (65,3,38,18,46,52,39,215,51,157,48,47,20,89,72,68,61,79,87,83,85,45,117,131,126,127,139,155,144,151,154,136,150,158,160,162,88,186,189,195,205,192,212,198,201,260,263,204,69,191,210,216,224,229,67,228,22,261)"
  },
  "specification": {
    "settings": {
      "se_method": "analytical",
      "fitter": "duckdb",
      "n_bootstraps": 0,
      "seed": 42,
      "fe_method": "mundlak",
      "round_strata": 5,
      "n_jobs": 4,
      "duckdb_kwargs": {
        "temp_directory": "/scicore/home/meiera/schulz0022/projects/growth-and-temperature/scratch_nobackup/63746972",
        "memory_limit": "96GB",
        "max_temp_directory_size": "512GB",
        "enable_progress_bar": "true"
      }
    },
    "fe_method": "mundlak",
    "se_method": "analytical",
    "outcome_vars": [
      "modis_median"
    ],
    "covariates": null,
    "fe_cols": [
      "pixel_id",
      "country_year"
    ],
    "cluster_col": "subdivision",
    "endogenous_vars": [
      "log(ntl_harm+0.01)"
    ],
    "instrument_vars": [
      "reg_fav"
    ],
    "exogenous_vars": [
      "_intercept"
    ]
  },
  "model_statistics": {
    "n_observations": 24112714,
    "n_compressed_rows": 2802,
    "compression_ratio": 0.9998837957436064,
    "has_standard_errors": true,
    "se_type": "cluster",
    "se_method": "analytical",
    "n_coefficients": 4,
    "estimator_type": "Duck2SLS",
    "weak_instruments": true,
    "first_stage_f_stats": {
      "log(ntl_harm+0.01)": 1.1209892068377638
    }
  },
  "coefficients": {
    "coefficients": [
      68.55958538399095,
      -2.2110311797536935,
      -27.41907836189982,
      -23.34774942540366
    ],
    "coef_names": [
      "Intercept",
      "fitted_log_ntl_harm_0_01",
      "avg_fitted_log_ntl_harm_0_01_fe0",
      "avg_fitted_log_ntl_harm_0_01_fe1"
    ],
    "n_obs": 24112714,
    "n_compressed": 2802,
    "vcov": [
      [
        372946.3430420494,
        -3452.018660948036,
        14691.583132965996,
        74587.60377876686
      ],
      [
        -3452.018660948036,
        47.364479069112406,
        70.73076867473421,
        -912.507760071645
      ],
      [
        14691.583132965996,
        70.73076867473421,
        5183.649782483761,
        -1873.2425265816323
      ],
      [
        74587.60377876686,
        -912.507760071645,
        -1873.2425265816323,
        19950.669995486398
      ]
    ],
    "std_errors": [
      610.6933297834923,
      6.88218563169524,
      71.99756789283761,
      141.24684065665468
    ],
    "t_statistics": [
      0.11226516164553037,
      -0.3212687506670851,
      -0.38083339707684066,
      -0.16529749845632144
    ],
    "p_values": [
      0.9106131641170114,
      0.7480067355626614,
      0.7033268760550666,
      0.8687098276799214
    ],
    "se_type": "cluster"
  },
  "vcov_matrix": [
    [
      372946.3430420494,
      -3452.018660948036,
      14691.583132965996,
      74587.60377876686
    ],
    [
      -3452.018660948036,
      47.364479069112406,
      70.73076867473421,
      -912.507760071645
    ],
    [
      14691.583132965996,
      70.73076867473421,
      5183.649782483761,
      -1873.2425265816323
    ],
    [
      74587.60377876686,
      -912.507760071645,
      -1873.2425265816323,
      19950.669995486398
    ]
  ],
  "first_stage": {
    "log(ntl_harm+0.01)": {
      "endogenous_variable": "log(ntl_harm+0.01)",
      "coefficients": [
        -4.346061315484763,
        0.02542392388235606,
        0.12200056015598515,
        -0.27254023802960053
      ],
      "coef_names": [
        "Intercept",
        "reg_fav",
        "avg_reg_fav_fe0",
        "avg_reg_fav_fe1"
      ],
      "n_obs": 24112714,
      "n_compressed": 3946,
      "vcov": [
        [
          0.000588154062605765,
          0.00016941809259680648,
          -0.0004295418174182567,
          -0.0038577108247120524
        ],
        [
          0.00016941809259680648,
          0.000576612068727422,
          -0.00027220909091362324,
          -0.004542565737793226
        ],
        [
          -0.0004295418174182567,
          -0.00027220909091362324,
          0.014187334690901048,
          -0.004368871422743896
        ],
        [
          -0.0038577108247120524,
          -0.004542565737793226,
          -0.004368871422743896,
          0.1030718959907422
        ]
      ],
      "std_errors": [
        0.024251887815297288,
        0.02401274804614045,
        0.1191105985666307,
        0.32104812098927193
      ],
      "t_statistics": [
        -179.2050725528844,
        1.0587677775781448,
        1.0242628416289739,
        -0.84890774999648
      ],
      "p_values": [
        0.0,
        0.2897055518146323,
        0.3057111438730422,
        0.39593262609047786
      ],
      "se_type": "cluster",
      "instrument_names": [
        "reg_fav"
      ],
      "f_statistic": 1.1209892068377638,
      "f_pvalue": 0.2897055624206778,
      "is_weak_instrument": true,
      "instrument_statistics": {
        "reg_fav": {
          "coefficient": 0.02542392388235606,
          "std_error": 0.02401274804614045,
          "t_statistic": 1.0587677775781448,
          "p_value": 0.2897055518146323
        }
      }
    }
  }
}